    100         0
99.9762    0.0101
 99.905    0.0404
99.7862    0.0907
  99.62    0.1608
99.4065    0.2506
99.1458    0.3596
98.8381    0.4875
98.4835    0.6337
98.0822    0.7978
97.6344    0.9791
97.1405    1.1769
96.6006    1.3906
96.0153    1.6193
95.3847    1.8622
94.7094    2.1184
93.9897     2.387
93.2261     2.667
92.4192    2.9575
91.5695    3.2574
90.6776    3.5656
89.7442     3.881
88.7698    4.2026
87.7553    4.5293
86.7014    4.8598
 85.609    5.1931
84.4789     5.528
 83.312    5.8633
82.1092     6.198
80.8716    6.5308
79.6003    6.8606
78.2962    7.1863
76.9606    7.5067
75.5947    7.8207
74.1997    8.1273
72.7768    8.4253
71.3274    8.7137
69.8566    8.9915
68.3968    9.2623
66.9181    9.5286
65.4219    9.7897
63.9097   10.0449
62.3831   10.2936
60.8436   10.5351
59.2926   10.7687
57.7317   10.9938
56.1626   11.2096
54.5867   11.4155
53.0056   11.6109
51.4211    11.795
49.8346   11.9672
48.2478   12.1268
46.6623   12.2732
45.0797   12.4058
43.5016   12.5239
41.9297    12.627
40.3656   12.7144
38.8109   12.7857
37.2671   12.8402
35.7359   12.8776
34.2189   12.8973
32.7177    12.899
31.2337   12.8822
29.7686   12.8467
28.3238   12.7922
26.9009   12.7184
25.5014   12.6252
24.1266   12.5125
 22.778   12.3802
21.4571   12.228320.1651 12.0568
18.9035 11.866
17.6734 11.6559
16.4763 11.4269
15.3132 11.1792
14.1854 10.9131
 13.094 10.6291
12.0402 10.3277
11.0249 10.0092
10.0492 9.6744
 9.1141 9.3237
 8.2205 8.9579
 7.3693 8.5774
 6.5613 8.1831
 5.7972 7.7756
 5.0778 7.3556
 4.4039 6.9238
  3.776 6.4809
 3.1946 6.0277
 2.6605 5.5647
 2.1739 5.0928
 1.7354 4.6124
 1.3454 4.1243
 1.0042     3.629
  0.712 3.1271
 0.4692     2.619
 0.2759 2.1052
 0.1323 1.5861
 0.0384 1.0621
-0.0057 0.5333
       0         0
 0.0551 -0.5304
 0.1589 -1.0508
 0.3115 -1.5608
 0.5126 -2.0603
 0.7619 -2.549
 1.0592 -3.0265
 1.4041 -3.4926
 1.7963 -3.9468
 2.2352 -4.3887
 2.7204 -4.818
 3.2515 -5.234
 3.8277 -5.6364
 4.4486 -6.0247
 5.1134 -6.3984
 5.8215 -6.757
 6.5721       -7.1
 7.3645 -7.4269
 8.1979 -7.7373
 9.0714 -8.0308
 9.9842 -8.3069
10.9353 -8.5652
11.9238 -8.8054
12.9487 -9.0272
14.0091 -9.2303
15.1039 -9.4145
16.2321 -9.5797
17.3926 -9.7256
18.5842 -9.8524
19.8058 -9.9598
21.0563 -10.0481
22.3346 -10.1172
23.6393 -10.1675
24.9693 -10.1989
26.3233 -10.2119
    27.7 -10.2068
29.0982 -10.1838
30.5166 -10.1435
31.9538 -10.0863
33.4085 -10.012734.8794 -9.9232
36.3649   -9.8185
37.8639    -9.699
39.3748   -9.5655
40.8963   -9.4185
42.4268   -9.2589
 43.965   -9.0871
45.5095   -8.9041
47.0587   -8.7103
48.6111   -8.5066
50.1654   -8.2937
  51.72   -8.0722
53.2734   -7.8429
54.8242   -7.6065
56.3708   -7.3636
57.9117   -7.1148
59.4456    -6.861
60.9708   -6.6026
62.4859   -6.3403
63.9894   -6.0748
65.4798   -5.8066
66.9557   -5.5363
68.4157   -5.2644
69.8582   -4.9915
71.2505   -4.7211
72.6222   -4.4577
73.9757   -4.2016
75.3094   -3.9528
 76.622   -3.7117
77.9121   -3.4782
79.1783   -3.2524
80.4191   -3.0344
81.6332   -2.8243
82.8192    -2.622
83.9758   -2.4276
85.1017    -2.241
86.1954   -2.0623
87.2558   -1.8912
88.2815    -1.728
89.2713   -1.5724
90.2241   -1.4244
91.1385    -1.284
92.0136   -1.1511
92.8481   -1.0257
 93.641   -0.9077
94.3913   -0.7971
 95.098   -0.6938
95.7602   -0.5978
 96.377   -0.5091
96.9476   -0.4275
97.4713   -0.3531
97.9472   -0.2859
98.3749   -0.2258
98.7536   -0.1728
99.0829   -0.1269
99.3623   -0.0881
99.5914   -0.0564
  99.77   -0.0317
99.8977   -0.0141
99.9744   -0.0035
    100         0